Andersson

Button Layout
01011111 11011111 10011111 00011111
01101111 11101111 10101111 00101111
01001111 11001111 10001111 00001111
01010111 11010111 10010111 00010111
01100111 11100111 10100111 00100111
01110111 11110111 10110111 00110111


POWER BUTTON
1 1300039
1 1300003
1 1300025
1 20662
9599 4353  header
697 444    zero
673 460    zero
646 474    zero
653 446    zero
689 449    zero
653 449    zero
677 410    zero
701 448    zero
678 1552   one
618 1538   one
725 1493   one
705 1530   one
681 1489   one
728 1527   one
695 1513   one
739 1480   one
700 1585   one
633 1570   one
689 1491   one
704 403    zero
712 450    zero
664 429    zero
637 454    zero
664 430    zero
695 420    zero
697 413    zero
702 445    zero
686 2008   one
213 1555   one
685 1564   one
927 1266   one
654 1603   one
629 39804
9508 2160
687 96122
9547 2142
656 96189
9470 2121
719 96163
9509 2116
719 96141
9547 2074
717 96127
9603 2094
643 96229
9463 2160
635 96213
9525 2097
696 96196
9461 2170
642 96161
9556 2116
702 96143
9519 2145
568 1300048
0 579507
179 1300079



POWER BUTTON
1 1300060
1 1239019
9642 4435
597 496
696 461
615 502
581 497
615 488
722 434
633 450
682 473
624 1638
639 1559
594 1613
703 1585
559 1662
624 1592
632 1566
600 1605
658 1600
674 1561
713 1498
643 540
572 469
702 444
638 489
629 483
623 542
662 408
677 476
641 1582
639 1598
641 1602
638 1471
743 1509
703 39723
9689 2185
654 95673
9572 2179
615 96109
9527 2263


